25208
16089
10091
17444
20350
13656
19244
21562
10036
23387
22378
22973
29419
21623
27304
27721
20445
18604
21898
11907
22469
16001
25709
15730
10924
16704
20722
21767
22733
25267
13112
28557
11437
17981
15870
11470
21328
18804
26757
13066
14847
12931
14942
17922
29340
22826
16611
22173
16165
14168
25139
15505
21809
17011
27069
18276
25313
27796
22325
21458
25594
13692
20435
28283
21563
28589
10389
19474
13388
11381
17587
14276
20009
14893
26471
21389
25197
27827
16189
28072
29069
17973
12906
25791
10294
16955
17066
10664
14217
15697
27086
28355
14504
29703
17303
15201
15027
13910
23533
29070
16890
19183
26512
26343
15996
21050
27980
20131
18739
19101
16835
24009
18874
28816
28275
24283
28290
27066
16834
28099
16933
19374
12423
25825
14698
26578
20595
19986
22333
19238
10853
14297
24256
18227
17542
28934
21669
20914
23249
10874
29933
13922
28543
25628
13080
28722
23162
21693
19280
28857
12715
13771
10865
10157
27619
12206
13566
11637
24139
17944
22712
28193
17705
10665
25884
18004
28854
15795
11057
25784
16133
25473
23728
29450
28205
24016
24038
17582
16092
10425
27047
15088
10860
20243
17893
25207
27276
24839
12281
29493
26021
19545
26249
13437
29727
20289
25231
26156
17355
28097
26223
28064
14286
28147
28272
21584
22121
29297
25609
27458
15099
28545
20143
11401
29959
16899
14580
29820
16170
25269
13397
22096
29523
14891
12340
10077
15445
25164
26002
12700
27775
22137
16543
19288
12260
10794
16343
11981
15625
10993
18728
28644
22082
24159
23055
29255
18103
11861
21353
16646
21964
23214
27976
22550
21507
19904
11755
18736
19993
20488
21578
28014
16483
14883
15823
13785
25980
17787
11157
27258
23559
26200
14911
21262
20321
16157
28169
11927
23543
24588
12381
24851
14866
23174
21489
20714
15418
16147
19757
21930
15236
13587
25310
10438
14131
29496
24788
17046
15829
19261
13905
27228
29631
21496
19611
15281
22264
22549
18442
15954
11653
15403
15998
23817
27782
15373
26848
11384
15671
28145
21670
24224
13596
26087
24418
10815
25509
16388
21312
13619
28941
21290
16519
29867
16570
25381
17814
11260
21601
11808
13464
28662
26429
29307
21467
27536
20446
11124
24263
11911
11204
17908
22039
25840
23709
29856
18484
19575
11817
18822
20463
17766
14725
26514
27925
26888
11367
24754
13340
10737
16791
24360
29286
24909
29074
15356
13731
14411
14943
14745
15355
19410
17140
24525
17970
24297
10204
20029
19496
21808
18206
16688
21888
21464
24021
17134
14844
27413
13394
19393
10598
21655
27510
29449
14451
17624
12623
28058
18302
11923
20174
18931
17599
29488
15043
24265
29274
10825
16506
17385
13638
21053
14920
21685
21373
15761
25733
26221
25041
25383
10341
23891
21780
20905
28233
10822
28243
17686
16845
23157
11778
22581
22698
14186
29349
25856
28203
29077
11268
22328
20216
20784
12976
24995
25546
21134
17098
18311
26771
11967
24190
27188
19706
14674
11530
21327
18957
29064
16690
21559
28295
11311
29180
21452
29652
19974
12498
29073
26047
11976
10512
13272
26203
13581
28137
24691
23458
10210
29807
21925
16958
10048
15056
28765
10548
20559
29982
16240
29310
27891
15218
26445
26485
26910
14427
24656
17558
21180
11760
24126
16045
19973
11882
20827
23010
13474
28207
15871
19780
27387
29212
28241
14610
18073
26432
26374
12325
13119
10570
25931
20051
13744
24584
25148
19914
18154
22779
28204
29694
19299
19651
19303
21658
17755
13615
15284
23598
15360
23275
25357
16163
19962
28772
26903
18424
27800
28088
15102
14625
14936
10026
24757
17157
24665
10237
22842
13937
23468
28502
11226
13206
13529
18084
29962
11131
27577
22132
23511
16444
23618
29571
26431
25990
12123
29471
15692
17505
24207
12560
15931
15921
22881
18655
25189
22837
13322
15709
13917
22292
20574
17870
15919
10333
20041
21294
19135
10041
26590
16530
28120
20555
27063
28855
18340
20533
28284
22189
19075
29321
20614
22216
11484
12782
17883
19805
18111
19022
29925
14875
22673
19252
14744
23736
29995
23870
14048
17791
20929
14811
28651
18267
14898
22863
10011
14643
10150
19085
25431
12583
12596
24913
16965
19868
11100
28001
16204
20394
19656
29194
12270
15111
22539
12085
20589
10365
16196
29881
17347
23896
23098
15869
21190
17536
23999
29975
27293
16234
16883
20946
18897
14642
15118
20156
28499
13013
25978
17621
28540
29780
16060
17050
25128
27418
17772
13781
27750
28632
22949
12410
22519
28374
16542
28968
26748
25529
27411
28845
17767
17150
21517
15249
16773
22217
11692
25950
14190
26013
28728
28039
14780
14694
18520
28297
29091
21910
29953
19848
17054
19730
20457
18832
11240
27279
21738
18367
22366
17704
17664
14646
17683
15435
10995
12856
14757
24940
21185
19011
10809
17340
16911
28465
27793
14751
16321
15906
23401
29811
29191
10098
27811
11721
15663
10708
17919
22685
15959
29347
21861
29751
13716
18162
28315
16617
17379
22528
16012
17277
22852
13689
21783
22598
16572
13750
28703
21265
12689
28752
16551
11595
19313
12588
18687
22602
12099
25723
17545
21106
23248
13037
18228
28332
11171
21948
22624
28655
28564
10426
23699
25710
15656
15755
21379
20155
23653
10637
13336
23352
25634
29758
21471
26684
21646
17208
14455
20888
26921
13160
20462
17594
12935
27896
29469
15643
24505
14538
25603
23798
13971
24861
25989
29468
25055
27372
22329
15698
17811
15278
26188
12112
12919
27968
16431
12313
18942
16364
10293
16852
26297
26472
29487
12801
26195
19268
26682
27555
21580
15837
10468
21941
14537
11588
19512
19394
13158
16283
22025
16509
11245
24804
11673
25223
11580
28308
17940
14503
10027
21224
25578
25013
21112
10561
18899
19845
25349
17242
24112
14556
29085
15569
13427
11917
12800
14095
27803
22648
11187
13459
21351
18637
24095
12190
23566
22941
22114
24503
18909
15727
27491
24551
18255
29048
16794
15397
19439
20932
27117
24313
21524
12079
21309
12296
28238
20681
28377
10322
23381
20469
23015
19928
28820
12605
21453
28201
12487
21498
14018
18519
28223
25108
28541
22703
16650
20329
27127
21650
18427
11354
20018
27003
10007
20349
26742
18316
27871
29087
13356
18294
10309
16755
16478
12390
20093
14665
21667
14172
11067
13103
14851
26267
24298
25246
21967
21660
25111
21390
17604
28211
21626
17585
14605
16595
24795
26300
15145
14366
15244
14349
24080
18190
15941
