10065
10237
10251
10260
10267
10299
10333
10351
10365
10370
10372
10407
10412
10459
10548
10555
10610
10616
10665
10688
10734
10752
10793
10794
10833
10840
10878
10883
10934
10999
11035
11131
11133
11151
11196
11200
11212
11225
11226
11274
11333
11342
11364
11375
11384
11387
11388
11404
11437
11465
11530
11556
11569
11588
11621
11692
11717
11721
11727
11729
11755
11778
11779
11795
11806
11816
11823
11858
11882
11905
11967
12005
12008
12070
12085
12106
12107
12112
12133
12150
12168
12190
12199
12216
12260
12264
12273
12289
12305
12376
12379
12410
12412
12452
12490
12502
12504
12519
12535
12588
12598
12605
12611
12623
12650
12652
12715
12781
12862
12968
12983
12992
13007
13042
13047
13058
13063
13074
13101
13106
13179
13223
13240
13241
13244
13275
13298
13411
13444
13454
13475
13501
13527
13569
13587
13596
13615
13644
13659
13729
13739
13761
13771
13782
13785
13813
13876
13896
13912
13937
13948
13985
14050
14056
14092
14186
14213
14238
14250
14263
14315
14328
14351
14377
14385
14406
14429
14484
14503
14539
14556
14605
14625
14694
14716
14852
14861
14866
14914
14949
14950
14972
15024
15025
15028
15072
15091
15131
15195
15269
15355
15382
15403
15406
15544
15568
15581
15599
15617
15643
15657
15661
15667
15670
15724
15741
15742
15755
15767
15771
15837
15842
15862
15863
15873
15909
15915
15932
15941
15998
16012
16032
16033
16073
16075
16085
16110
16125
16133
16147
16161
16207
16232
16239
16240
16250
16283
16340
16343
16353
16364
16472
16478
16494
16506
16513
16545
16579
16583
16601
16605
16607
16616
16690
16699
16707
16716
16806
16816
16835
16854
16874
17014
17049
17052
17066
17145
17148
17162
17206
17220
17222
17261
17264
17335
17403
17434
17443
17471
17606
17634
17637
17674
17679
17689
17693
17767
17772
17845
17847
17848
17854
17870
17883
17897
17904
17915
17944
17988
17999
18005
18023
18043
18048
18056
18079
18091
18137
18157
18167
18204
18244
18261
18274
18280
18284
18289
18301
18303
18334
18369
18388
18393
18413
18417
18458
18501
18519
18527
18582
18620
18626
18631
18634
18662
18687
18691
18698
18719
18720
18762
18832
18835
18845
18855
18897
18933
18975
19030
19051
19073
19075
19100
19119
19135
19142
19145
19167
19232
19278
19313
19320
19322
19375
19393
19410
19419
19420
19433
19436
19512
19531
19618
19660
19697
19706
19777
19785
19799
19805
19810
19842
19879
19890
19962
20032
20072
20080
20090
20093
20210
20227
20253
20280
20312
20316
20344
20349
20385
20419
20428
20435
20436
20439
20457
20475
20511
20527
20543
20548
20559
20598
20647
20744
20773
20823
20829
20833
20875
20887
20929
20943
20963
20974
20977
20978
21025
21073
21109
21120
21159
21185
21189
21212
21270
21342
21373
21388
21390
21456
21467
21475
21476
21501
21526
21594
21665
21693
21756
21790
21808
21876
21887
21925
21972
22019
22031
22047
22075
22132
22142
22150
22155
22181
22245
22270
22272
22275
22286
22303
22311
22376
22416
22417
22439
22458
22488
22503
22506
22519
22588
22598
22659
22755
22796
22828
22873
22874
22885
22890
22891
22919
22928
22967
22973
23093
23098
23113
23129
23136
23157
23199
23260
23275
23298
23307
23331
23396
23398
23416
23497
23543
23566
23574
23679
23696
23698
23702
23735
23755
23779
23953
24022
24038
24061
24126
24170
24183
24186
24209
24219
24270
24271
24288
24344
24351
24379
24381
24433
24456
24465
24484
24486
24495
24518
24523
24533
24540
24555
24623
24642
24671
24706
24712
24779
24786
24803
24809
24829
24830
24861
24864
24866
24869
24875
24990
24992
25003
25079
25138
25153
25171
25182
25199
25203
25263
25335
25363
25383
25431
25470
25489
25535
25572
25574
25584
25603
25648
25651
25710
25711
25797
25815
25837
25860
25865
25915
25922
25952
25962
26042
26084
26094
26109
26174
26183
26216
26231
26240
26252
26285
26293
26296
26297
26351
26366
26373
26393
26405
26424
26429
26482
26529
26544
26636
26639
26653
26677
26745
26752
26782
26833
26866
26898
26916
26934
26939
26958
26966
26978
26998
27006
27013
27034
27047
27078
27084
27089
27117
27151
27173
27198
27225
27297
27318
27327
27356
27372
27439
27491
27554
27564
27576
27613
27638
27647
27673
27695
27715
27732
27743
27778
27785
27794
27810
27869
27891
27897
27976
27991
28008
28039
28086
28100
28147
28152
28157
28172
28173
28188
28211
28212
28225
28226
28238
28262
28292
28308
28315
28354
28366
28380
28408
28409
28411
28426
28468
28543
28588
28590
28624
28646
28655
28714
28721
28724
28789
28817
28841
28844
28846
28876
28908
28920
28941
29010
29021
29085
29128
29132
29148
29151
29217
29228
29241
29270
29273
29310
29312
29338
29349
29480
29487
29519
29549
29596
29659
29716
29717
29780
29831
29834
29870
29926
29946
29975
10054
10254
10357
10377
10463
10552
10745
10754
10786
10832
10856
10952
11004
11083
11180
11184
11206
11291
11337
11511
11526
11568
11688
11735
11889
12030
12148
12174
12237
12349
12518
12676
12690
12756
12819
12870
12891
13055
13155
13265
13299
13598
13608
13633
13794
13797
13855
13898
13899
13969
14305
14393
14417
14442
14457
14637
14768
14804
14836
14854
14858
14884
15045
15280
15309
15332
15468
15531
15682
15806
16067
16091
16146
16368
16426
16584
16831
16945
17037
17045
17502
17846
18029
18097
18506
18704
18738
18809
18815
18934
18999
19083
19222
19696
19929
20059
20088
20202
20219
20220
20228
20304
20307
20427
20660
20665
20838
20839
20847
20880
20903
20908
20990
21019
21400
21449
21531
21598
21611
21707
21838
21854
21866
21928
22097
22152
22186
22243
22351
22422
22451
22836
22838
22877
22996
23042
23066
23080
23171
23314
23459
23592
23678
23716
24099
24102
24201
24291
24304
24423
24490
24698
24703
24742
24793
24855
24893
24958
25191
25224
25265
25372
25495
25725
25744
25829
26138
26154
26314
26379
26382
26398
26475
26571
26573
26632
26803
26940
26975
27005
27177
27178
27379
27503
27578
27635
27739
27745
27746
27758
27802
27915
28055
28168
28235
28253
28341
28368
28371
28412
28531
28647
28865
28953
29099
29463
29484
29648
29683
29812
29837
29891
29935

