23102
23790
13649
26410
22992
18690
26464
23800
17516
29883
15976
21601
22261
22536
28611
14387
18775
25295
26903
22076
21153
14745
10320
10591
15742
22414
12167
11677
11890
15626
21964
17729
13058
29091
25897
24008
29186
16841
22035
19650
19201
29991
16462
15062
28799
26639
27014
19179
17146
14352
20435
23111
28883
12296
16268
28169
17877
11719
11284
11408
25240
10893
11032
12804
11131
29470
19410
17429
15647
28655
11717
14108
29123
13328
15403
27810
26574
18244
10850
15563
22278
10046
19618
26859
21017
10094
28064
13049
17833
18066
12553
29670
16030
23803
23908
26777
16308
28192
26703
18758
26679
14691
20331
29791
27029
12340
29834
24219
10574
16852
21470
20241
20310
17624
21988
27141
13163
10904
10031
20714
14314
14914
28584
20719
28726
12667
13844
22400
17346
28435
27284
17300
13175
20308
10934
22170
25798
20489
18459
10759
27829
26166
14310
20093
14700
11435
17956
15187
21947
26555
25595
16341
17679
21411
24604
29676
25717
18917
25507
18562
28920
15923
16413
14529
10074
15287
28822
26891
21662
14121
21150
23093
25871
19531
17681
15593
12874
25216
15272
21874
21460
27291
24573
11645
20859
15507
21212
28796
23038
21594
27349
28497
24039
21464
15173
28346
26405
27648
10326
15459
23555
28127
23112
22582
29292
13444
21522
18313
29595
27698
23584
17312
11262
17221
14728
21158
28999
11342
27117
25815
26054
13294
15667
24375
28426
22517
18422
17465
19137
14063
17712
19514
17840
26611
13139
12844
14143
28601
19731
25182
16938
23818
14769
26621
27429
27030
24415
22813
20222
27285
25107
26530
20647
11791
25801
12812
16990
21684
20978
27402
13061
24227
19567
20475
20959
25321
22126
11087
13900
13816
27709
28977
17225
12782
14716
14802
29749
28844
20131
22398
13343
28193
17064
21528
29686
25927
19487
10205
26438
22072
21105
24517
19780
16213
28722
24751
17936
15644
27551
23268
16579
21610
12273
21832
21880
22373
18590
25546
18367
21430
29620
18413
22134
25214
26439
10143
14166
20520
25509
12605
23474
27568
19011
10715
21070
23760
10702
29479
11816
23188
24820
19323
14779
27690
17464
20822
16767
16781
10511
11524
29051
14971
21145
19879
15574
15423
22461
17542
24538
20409
18501
25104
10266
14533
10502
11614
28646
14710
10944
21201
25003
18019
21920
12706
26648
26514
11950
17890
19145
29889
16397
27370
27615
29077
23136
14093
12577
26814
20413
26310
14872
20451
20036
14326
27093
12039
23525
19298
23665
20743
15046
28209
28143
13298
27078
24796
13179
14751
28593
18256
20854
14452
25504
28401
27253
10157
19255
24280
24541
29568
17434
18087
16980
14330
15460
13340
10050
22623
17986
13087
29144
11375
21040
18406
25550
27769
29932
25188
19290
11141
12773
18345
16874
23082
13062
28639
28057
11010
26898
29939
16250
21159
23391
18043
24038
23653
15399
15025
24678
14506
16850
24854
16326
26979
29580
20840
17574
25960
11915
27743
18334
26032
24142
19334
11640
22141
11653
20992
19142
12527
14351
29495
17143
21910
21390
23891
26345
25335
17627
10196
28354
24929
16922
18432
25152
16217
12642
19746
17027
27885
20465
10170
22844
21431
23683
19322
20783
12792
12740
28226
24525
25079
25714
18419
11172
24991
16716
29270
11932
22953
26980
19558
10441
13237
13184
21262
26174
14815
15131
14517
13914
28112
15440
21575
10555
29038
25481
26706
11415
18756
13261
25363
20425
18659
14970
28969
18283
19244
14448
18810
23364
16461
10939
20095
22311
18698
20696
25054
29054
21241
20685
23256
16862
27591
22549
18114
15924
20567
10180
10601
21506
10426
16007
29555
25066
25041
25383
26055
28268
19927
13367
26840
13318
16031
28946
27732
13052
14926
24697
17970
25318
26308
28397
23067
20009
22949
20501
28062
29560
16247
23877
22518
24426
20776
11924
17278
17328
28888
26745
12499
28099
28301
13321
18073
14847
10334
29861
22544
22169
23398
23418
17471
21462
13453
23531
24995
12708
15757
14599
12266
16392
10537
29343
24690
15390
29301
11539
20626
14669
16108
23797
20426
17748
28031
22984
25140
16494
20791
14263
10263
28674
17087
27344
17911
11518
28251
18926
25518
28102
23375
25994
18618
21067
11465
11619
15619
20054
13007
27276
15789
29918
23244
26888
21564
20190
15305
28366
24246
26389
13029
27020
23853
19852
15919
11517
15112
15973
16638
26290
12234
26298
11177
24667
12992
10206
10048
26252
25263
25738
29312
16791
27087
13706
28577
13622
16429
12067
10244
12315
29248
26293
17547
16527
10347
18604
13726
28103
16586
28483
22482
17168
14260
29075
17086
15990
27433
20929
10560
23137
18250
19481
21814
23735
22062
20977
15657
16445
19224
10937
15162
13683
29700
21950
15501
13235
29980
10428
15678
29048
18404
16630
13539
26219
13423
16664
10628
26325
19232
17385
17839
20884
12507
24177
20914
11281
18505
29659
16207
28596
27666
29849
10519
25158
12865
25412
29272
23602
18127
23624
17867
29213
19677
26878
13255
23849
25934
25489
21715
21195
28463
10892
27090
18739
10468
25950
22339
26315
28907
15637
13574
11847
25204
22113
16863
29268
21353
25998
18626
21396
13692
25947
12506
29157
28291
21349
11037
20619
22763
13878
17563
29306
10496
11795
22699
13890
25389
11218
28786
23785
20890
13103
14460
10402
11926
17347
22570
19638
21862
16925
14023
20001
21732
26850
14485
22457
24839
27161
17736
18635
17110
16014
25899
24183
27617
25367
18821
16553
24963
20419
13625
26129
24977
29073
24569
25958
10331
23382
23533
17630
22577
11590
22048
17934
11446
24074
22326
11596
13042
10479
15629
22000
17199
17999
13202
29066
10015
16402
20653
18827
13913
11548
22210
12306
27992
13454
28592
22458
20469
18005
25174
20353
29945
17251
18259
17769
23146
23889
15435
28460
28083
29771
10649
15673
13300
14238
16903
19460
10749
21112
10673
15091
11358
24250
27786
23870
20349
25588
24788
23489
20559
21144
22075
11170
16845
27886
23641
13639
12682
11532
12564
11776
25849
25029
16255
13352
13644
11584
18861
22129
15864
22607
11774
24567
21841
11042
15785
14671
14356
29660
13566
20234
16161
24881
20539
10269
24671
28313
28349
22410
16885
27697
19611
16794
23679
10902
17958
21514
26889
15105
18780
21809
18900
27198
24213
21394
13799
23408
15591
13611
18799
14268
29878
27527
17558
19390
25508
20527
23213
29422
12193
17148
28940
25649
22150
28710
22963
20796
17025
17606
22338
