22278
12376
13048
29343
12090
24094
11449
23214
12157
21269
16592
13748
16311
23682
21633
18424
23510
21330
24637
12414
24322
19527
23153
28269
12935
10899
11500
11333
18861
19453
26047
10507
20253
29244
28957
24995
14678
21773
19172
22430
25586
19931
17723
24942
22503
22140
12632
12364
22819
16160
22901
11666
16549
13345
14593
23419
29990
16990
23467
16854
29301
22812
24125
28497
16228
24434
25985
20619
10074
28655
18527
26752
28471
28979
23594
29467
13545
18418
10046
17217
22014
14657
19618
22536
11266
13160
12361
14984
17652
13423
15103
20527
25377
14819
14330
28206
13465
24015
10386
26247
14827
20137
10701
18048
19890
26292
14173
24142
26720
10455
11730
20388
20554
15390
13624
27638
25512
18179
25969
29692
15446
16838
11124
10285
18300
14587
19163
18425
23199
18091
16462
10304
11890
16816
14120
22079
22948
10077
15714
27610
26431
28494
16388
20086
13422
18783
17264
25437
29009
19183
28908
23849
16206
26132
13020
27192
23218
20724
13311
18523
16666
13291
26303
29465
26464
17017
29307
26308
24269
10209
27270
12397
17622
27597
10048
16542
14053
10989
11118
23322
23147
23462
17990
19232
15910
12444
16451
11645
12823
19785
13744
25754
22115
24124
16601
13890
10266
17816
12273
14713
20428
23276
11915
17403
23391
13949
12167
21182
19294
14416
13527
24568
14314
14065
12379
21580
20303
14550
21864
15091
16094
29077
24272
14156
12546
17741
29299
19107
17606
21688
11737
16790
17841
29321
29269
10373
19662
22661
28883
13404
16370
15722
10272
27086
16520
26310
29605
16031
24381
29660
17964
27526
22953
22612
29173
19258
20284
19390
17333
12831
27917
28223
13917
24549
13352
28969
12168
15802
11408
21888
24240
14362
25775
18005
24896
26855
25675
10707
15709
17722
13904
22356
22986
23396
15678
27732
22699
13381
18762
21724
26100
20344
12106
13013
12855
18066
17686
18351
28963
21819
29448
24572
20177
16479
27471
11713
11774
28923
27727
22946
23395
28006
18511
29495
12903
29976
22804
11388
17121
10671
20183
29394
29179
17942
26510
28977
10641
26255
28841
10442
10861
21106
25167
19976
13683
29832
20974
15378
19740
22590
24723
23104
25977
17053
12638
29358
29974
15501
18087
12401
14130
16691
11280
23415
12799
28309
26353
25839
18493
29953
12215
22000
15384
11005
14224
29120
27793
29558
13183
22003
17854
26979
28755
15939
14335
16217
21610
26818
15953
20162
26159
11858
15105
12012
15507
12005
14033
24029
14997
20669
24991
23698
29193
28171
20696
16771
11133
17234
14493
27020
23046
25269
10252
24699
29926
20028
23184
21781
19260
22414
22129
14943
24263
20099
27425
26639
28783
14388
20513
23999
28103
18725
17803
10841
12992
25100
17102
28047
29816
28099
11066
28619
25990
10094
27719
28367
12560
27977
19046
23816
25728
13717
12216
27225
18712
13318
21547
13374
25632
23380
17937
24948
14972
16768
24705
26685
26293
20733
28034
21012
21392
29411
11279
13556
17485
20442
11158
24412
14166
13573
13948
12553
21583
17221
23506
23709
13515
19581
19152
21125
19551
21081
22295
27954
23374
20884
12622
20168
18900
24279
21947
20913
11081
28058
23828
13261
17524
10739
25713
24314
23818
25412
15573
11306
19471
23539
13649
20750
17491
10948
14419
21679
15989
22018
26585
15814
10404
11029
27687
27444
22580
28689
28540
22834
11277
21052
28460
28803
22483
29980
12535
25930
22426
15862
29749
27968
14079
21903
13817
12884
24319
29473
24241
11554
12476
13092
15641
11697
25451
25724
20298
18137
20730
28198
28590
27078
24622
10248
24433
10291
29075
24747
28380
24743
26296
11769
15970
11525
28354
16420
28715
20934
13816
29480
19731
12642
29268
28989
15099
22464
21821
22087
15737
28588
27921
11708
12142
25944
26286
24176
14433
12046
27650
23027
20574
19368
21026
17583
19385
13644
15538
15607
16445
21132
21340
17447
14951
15960
10902
15112
25037
19543
20830
17576
28079
25833
25180
21701
22756
11239
17340
29051
13623
19749
25004
18129
16133
26083
24583
14719
29765
11001
17326
18458
28060
11446
18954
28149
28722
10737
25603
19585
29676
29553
28238
22142
17755
19659
19914
16408
23112
21682
14254
26345
13572
25776
29136
10551
28088
18009
25840
14843
18841
26957
24502
29889
28753
24392
11342
22890
16429
13625
18078
17805
23909
15947
29224
18668
29248
16659
21189
29417
17674
20095
28717
19373
26939
15563
16161
16572
27648
27032
24551
15522
16093
12166
25029
16123
25429
23696
16300
15182
25566
10263
29870
22910
12778
17049
26555
20723
24041
16721
14082
28012
15324
13844
15842
18313
10878
20260
26707
19681
17903
27093
21139
13616
22338
28370
24866
14089
23925
26410
25104
27518
27586
20578
12983
21448
17878
19961
19487
24207
28895
24385
19069
21456
10088
23371
24959
29252
11603
23428
25644
27404
10720
11847
16336
15331
27121
29668
20241
14485
24820
13188
13943
28172
11267
19142
23483
13161
29540
29025
27262
15002
29975
21759
10076
27014
27736
20394
11594
24242
21142
28526
13266
15990
11030
19483
29568
17082
12107
12303
12214
14472
17607
27674
10860
13715
16851
24963
15225
17273
16579
24945
19375
13197
17769
17651
18010
13478
13659
20890
17211
27215
25405
10065
22613
27514
17138
14949
26725
14282
11212
10823
20147
29903
14057
20523
13750
25648
15298
10850
10356
21150
14921
26129
11584
27344
21704
23093
29010
22210
20417
24465
19668
16843
13052
10616
23017
14533
21925
10216
13369
28205
29895
13240
16108
18449
15611
10299
25140
24008
14005
23403
18629
20610
16491
20353
29619
10233
25981
21949
24929
10218
10549
29085
27221
12504
11621
16413
15603
12325
28295
11804
21107
17146
14206
29326
28429
18799
23431
26679
24185
21105
20384
25033
16679
10843
17213
27285
24665
12431
11435
26477
14871
17933
29575
15474
26405
20782
21756
18628
26757
26898
18206
21577
18915
18157
22126
22411
29339
18210
12000
27666
24526
10689
17247
11977
26087
18158
26432
18021
26057
29915
25588
12417
20169
27760
13058
29185
23877
16392
14508
11255
27278
19718
23617
25046
16461
21526
21784
24712
21515
23848
18253
24382
18892
12660
29488
11743
14102
24336
12906
18275
22441
16664
27228
24804
16513
24325
11024
12343
11539
19231
21316
16969
24355
19542
11793
27402
14217
16850
16017
18795
28787
28577
29549
18041
26043
28101
17659
18835
15701
19726
14852
22257
22141
28264
12568
11364
