22398
14802
21862
21257
22927
21668
26303
12998
27103
15505
14942
17195
26669
17909
27030
22414
18979
27891
27607
23176
21453
16043
10904
28119
29949
25288
20715
10577
12215
22039
29417
21040
20941
10972
11145
26932
27053
19469
20733
24917
18908
15532
28760
19197
25801
21631
20413
22704
16276
21880
11401
27182
12826
13087
17946
15145
23957
19085
20052
16186
29372
27172
29757
26984
10923
10825
22983
16724
10432
24047
26720
24322
20659
14871
14943
25189
24951
10233
15607
10921
22180
13907
23831
28070
18493
23187
13206
12010
28009
15573
23564
28130
23428
18975
12848
13298
24028
20501
23691
15958
10426
11125
20523
22263
10094
16898
15472
18334
12168
13423
21848
16196
16672
21814
15028
10113
19551
19075
25550
11155
13158
17106
15459
23129
17587
13283
16571
17935
26611
12306
18806
10873
27260
25439
26064
17156
29231
23401
15887
12757
10959
16255
28985
25216
27096
18511
19512
14258
23855
28789
18655
22234
29896
15088
13360
14669
26529
29945
19496
20901
25455
29982
24915
10899
18536
12910
12190
21391
24480
11255
22089
19167
20717
12059
20653
16192
23787
20574
21113
22964
12589
29930
14580
29188
20846
27413
16241
29843
22189
22584
17545
28745
20366
20829
22842
12099
28072
14562
17898
11518
20494
16224
13388
22961
29447
18066
29665
29880
18974
11619
25111
29040
22698
29348
17328
18228
21756
28947
21471
13404
10442
18699
25985
15546
21017
12973
29092
14112
13496
15562
16030
23223
28366
21542
26161
10110
13800
14899
27736
25470
29194
11736
18038
14883
27864
21066
14056
25380
27262
16746
19015
25060
25450
16933
28058
29010
24765
16478
22837
25214
24236
11011
25927
21633
10834
12865
22005
12968
29048
20004
25197
29119
26033
29002
20469
21390
29565
25063
29021
25074
23370
21275
22121
17046
14159
22579
17786
23053
25212
29164
14716
29645
18059
25246
19986
20284
21294
17712
24995
13291
19268
14451
24523
29995
16058
12820
25305
18186
17633
23091
15647
12935
23925
19032
28704
16298
12104
28957
28272
18404
12919
17651
25996
26590
12613
29286
21755
25431
20155
20879
20900
22530
24412
15263
29210
18874
24479
28149
15771
22763
17355
26705
12401
23598
15709
25930
18370
21961
26615
14920
22580
25877
25865
16025
27854
18484
14780
23525
29535
14201
25636
14018
23098
27479
28400
14166
20684
15719
21267
22255
16133
20882
11130
28611
14349
25207
28568
13644
23711
12546
21224
27533
22018
29136
17986
11489
15197
20229
24319
12058
20828
19100
21655
10328
13625
25128
12777
29288
23067
25623
11594
25139
10950
19848
26945
21316
18147
20018
11721
17621
23599
13994
19175
14983
17919
24569
28064
15871
13572
24209
22128
10077
24413
15479
20463
27506
27044
10500
13443
21241
10312
17536
18459
22941
13484
11177
12843
21906
24998
17208
10640
11221
22829
17264
10293
26353
23058
12963
19125
29844
21902
26467
19662
25013
28014
14827
22173
25625
17064
18801
12046
15437
19846
11778
16401
13993
12077
13577
17014
25441
21523
20153
27917
28879
22498
15098
15813
20352
20555
21931
17841
11446
28435
15690
20558
27965
15847
16838
16932
20552
21899
22935
12289
22079
26356
28502
27063
21408
11961
18905
17066
28583
20384
14694
23112
14391
19698
25154
20840
27256
26041
24909
24172
14411
25208
27228
17465
12549
26343
28096
24662
23396
11404
21507
13977
29588
23798
29471
19976
29121
20491
17505
21977
11795
21052
28717
27640
27041
20130
28444
14851
13434
27258
21752
17970
25775
20064
15044
23277
19101
10076
19962
24197
26491
16350
25969
13924
23474
13543
21613
14448
25978
27019
17268
15926
28817
25263
21380
13744
20250
25180
20398
12402
28099
25974
21458
23951
14452
14436
22047
14156
10874
15392
18313
23803
18127
22607
24814
11409
18442
14416
11381
25754
10843
25695
18354
18562
10290
13201
13527
27086
10597
28193
21111
16958
10015
27477
21030
21396
11917
26489
27980
22132
23001
14540
16023
28958
20987
20174
21008
29144
18419
19180
13702
23709
29449
18167
15870
11677
27897
20850
19119
12109
12862
19868
11367
17249
21672
29767
22602
14413
27519
28364
26673
24604
23541
16134
21115
15944
24767
26484
22085
19397
21180
24278
21881
13251
23184
10757
28283
10734
22981
25361
16217
20320
20305
17225
26128
15360
25412
11209
23371
26767
17247
19939
27215
22479
20439
15603
11702
18683
15544
19813
22733
29185
18111
21467
29696
18835
22373
16364
28999
29780
19313
15276
29749
24588
28394
18044
28940
20238
12642
25359
26349
23203
19884
19022
26742
24566
16690
13807
28594
16528
27372
18199
18690
21636
19374
29759
24705
17145
10135
14933
14881
28225
18243
17942
17131
27423
29473
22581
28801
23322
10926
26255
28179
13697
23465
23483
26223
24340
29776
15311
17960
26659
28714
28209
10790
13047
14145
29962
11927
28739
24139
26042
29989
13163
26644
22143
16402
22661
18324
13504
18725
18311
26297
29103
20913
21364
19413
10841
12450
28992
26592
18677
13949
17978
22216
23229
19731
16551
15748
12470
16065
16064
11306
13396
24434
24744
25458
17818
29918
21941
23543
22139
11919
13489
12623
21303
26335
26300
11469
25357
27536
22547
27743
16206
22986
15181
21522
19028
15324
10283
16761
11554
29128
16461
25340
26292
14444
15277
28147
16510
28512
11428
12844
13377
22648
13785
17558
19540
26439
12786
19420
24584
18388
26771
14616
21045
16975
17748
22586
12203
25994
14047
24757
20086
20559
14203
27954
16553
29153
19582
13144
29547
18951
10450
23416
20551
25651
19660
29209
16388
18779
15802
25174
19475
15968
12440
11383
16817
14008
18276
13632
20308
23750
16204
17792
15249
26044
17273
12598
16274
14491
12614
20859
27017
26084
13965
26889
16850
26960
10993
18479
10549
18995
23307
21821
18275
22703
12123
21240
18274
29624
10703
17340
21374
18590
28458
27582
24290
11729
27727
23680
19192
27692
16597
11276
24911
21519
28728
22048
25761
11586
22208
10662
13774
15001
26179
14072
12257
12080
11891
11419
20117
26174
27717
11779
22483
29571
19046
24788
14745
21870
24043
25688
14887
22673
15987
21412
28060
18015
10199
13659
10853
26840
28315
14172
28722
22077
14360
19071
28564
28658
25958
25798
16156
12151
23382
18423
21885
12236
24733
11886
20347
24297
24327
18578
26836
13786
17929
25954
20355
26966
20453
20353
20063
28208
28651
21464
29603
16804
26591
13096
27014
24392
21161
11397
28281
13336
