26757
19693
17748
18048
21066
24751
13158
11174
14920
23098
22983
12261
26019
10285
10512
10597
11426
19303
19597
23672
23104
18315
12528
11891
10301
25148
22807
12402
25311
22129
21396
27003
24388
22479
22063
20090
16318
22842
15581
19697
27923
12454
12783
29786
11196
20767
13045
29235
16506
24756
20054
21652
21224
27809
19232
24053
28497
24786
14495
27078
15267
10257
26646
26472
24740
19556
21152
13475
29404
29440
13957
10668
16838
14688
28892
23027
24445
13345
14533
20833
19730
14655
16340
12340
27648
18303
22918
15757
29274
10426
26682
20091
22458
16170
17587
18618
16704
17536
22305
14733
26644
15534
23707
22117
10708
26550
11861
10679
25377
27151
22297
15870
28193
10857
29700
20750
10502
17074
14403
13863
23089
10244
28679
22812
23307
22128
13476
14134
17131
22916
19545
25735
18143
21559
24159
29018
17014
21701
17309
21580
21610
26351
17824
20782
25171
13998
28223
12862
10584
11539
13063
18574
27606
15630
21578
28715
15958
25732
13122
12545
28064
27613
19276
12007
20985
29055
22072
10560
19862
23468
18646
12804
11005
19527
11914
17630
19540
18519
10305
24416
21264
19585
12606
26464
24415
20294
18831
12568
25184
17225
19531
18482
19884
21663
10331
11713
20137
15056
28421
22200
20017
21379
12589
27036
26047
11624
17157
24900
13459
10939
23506
24196
29092
18280
12442
11280
11677
10588
23405
19558
20214
19397
21518
15330
18582
20316
27396
22992
16987
17060
25508
22844
22406
22892
15102
20174
11977
22885
11204
24279
18563
11530
19805
17803
15176
21391
10209
28883
28772
13965
26703
13893
10817
20250
25648
15360
18190
11666
24223
24224
12123
10860
15719
29759
23362
26099
11489
17444
29075
29349
25060
15664
26960
21574
14710
11886
18683
18255
21448
22891
24077
18975
24671
11035
18432
29672
23709
13613
28411
28844
17102
20073
14336
10373
10616
13121
10551
29113
18910
10250
15062
16969
29198
21464
24105
11253
16719
22926
21575
17306
18388
17622
26438
21907
16085
17913
27253
29357
12059
17772
29857
13235
10760
22094
16928
28435
10356
28448
26371
16369
28611
29663
12844
29660
21631
19722
28584
11052
25686
21912
15479
20771
21130
14971
10991
18634
11383
24998
16402
15744
13852
22927
25208
22756
14670
10488
12776
10537
13187
19700
24447
11388
19231
26044
10439
14727
28568
17464
23395
29571
18631
28514
15661
15597
26888
19618
12628
19691
28799
19142
27642
19974
27069
26393
17491
19108
27954
24764
28209
25994
24426
22113
15962
23637
21150
17249
15755
15762
21158
16161
14293
15954
21180
19274
14398
15956
23582
16461
22315
25754
15103
19440
21862
25670
16638
18090
29048
14388
11466
26463
19013
24246
26207
21296
19899
13771
21310
10853
12757
16919
16894
28492
20884
13596
23243
26049
16138
28499
28070
22125
29087
24804
24486
13197
26271
21358
21819
10942
14674
12596
14751
24652
20723
19483
20733
24978
17086
29945
22519
28619
19740
17443
18267
19841
27577
11961
13548
18821
13744
14065
12659
20953
22275
12046
11282
17146
15850
22618
19785
20854
23891
28582
10575
10110
24598
14050
12085
24897
28272
16163
17485
13360
16058
11847
28102
17898
19940
11443
10743
28222
11970
28968
17937
10157
13573
25713
15435
12236
21787
22717
10141
15181
25840
21934
28188
18745
13423
18461
18926
28841
21270
19544
28855
28971
24551
11721
29244
29656
18328
15272
17563
29665
24241
22837
18466
22661
15766
16108
26817
13101
11746
15563
15625
12077
28590
26014
15869
10198
29568
26183
20417
10138
17385
17272
20714
26591
29716
10881
24186
18228
14264
25663
24124
23555
12185
19848
15379
13717
21362
11610
25944
28946
20520
11681
15961
13683
21836
28512
10949
29002
10296
24438
26553
10390
10568
16044
19050
21053
27953
10795
23005
22274
14461
21328
24875
29492
21977
12114
27968
22733
27029
29209
10516
11245
13649
22572
14995
27293
29843
10348
12821
28504
21752
13454
17761
21669
13025
19046
21881
16207
12203
21662
25068
13799
24233
15317
19680
19375
20724
11968
19734
17277
18888
17148
10752
10904
20020
17667
28226
25239
10443
11728
16075
17064
21579
24997
11157
16094
17379
12106
24381
17347
20229
19413
23067
11776
20289
15730
28524
15105
27090
18193
19157
18012
28006
22946
20910
20879
23861
10739
24266
12190
28816
26305
21909
27125
26958
10830
22319
25374
25152
26002
23471
18414
10013
24796
26711
16604
21718
28370
27075
22339
22790
28567
21735
16073
14366
12766
22586
17606
10868
29603
27496
11317
10757
11842
11795
22561
29645
12499
10677
29725
29008
20850
25630
22356
25915
16990
24677
24942
18398
27723
10995
27490
17525
24009
17875
23534
26725
19519
28172
13218
24052
24589
14335
25139
27211
12613
28012
22682
20859
17940
29394
24333
26335
14895
26336
19255
14769
29148
27173
25405
23711
23129
29588
20761
18406
21033
28275
18111
12478
10239
19073
18087
12455
25441
29488
28578
17175
16086
27886
11024
21733
29605
15769
19543
29338
24991
28169
10883
13623
23402
29593
24269
21947
22331
13042
22862
19572
16478
22003
25900
26147
12611
22483
24038
19865
12023
13949
25458
19605
12406
12564
21146
25987
29268
26913
16031
24623
12700
21825
28034
16499
17082
28324
21012
23398
14053
25318
15161
19928
19201
25305
26950
24139
18712
19799
18078
29540
10279
29811
17855
29975
23276
11500
25003
29551
29053
20278
12005
28380
20823
17818
21353
21876
18799
28049
27402
22464
15224
27541
23877
21075
24433
15627
28208
25032
16308
23331
16522
16716
14912
22020
24080
10893
25798
24899
23298
19514
10778
17774
21515
18079
28130
28297
18467
23281
10959
10673
28048
18908
22949
24180
15643
16616
13396
14851
18334
27374
16517
20932
12266
28160
22971
18295
29703
14780
22419
17621
18167
17237
17633
20347
11281
12264
13891
25618
15018
13128
12880
18419
19600
18556
11701
15246
19986
15959
14333
17686
29883
14827
28793
24185
16156
19475
23394
29798
10372
26717
28359
26210
19914
20799
27207
12109
26934
10815
13667
16462
13611
24845
15471
18352
17088
14643
26373
18973
17016
19415
21931
14932
25383
27673
28334
21000
18403
23647
13437
18979
17017
12341
27816
10135
15092
22255
16428
19482
18529
14202
25860
15516
14173
17680
16230
23750
10158
17870
13003
23044
25267
27846
26866
22472
17689
23698
19493
23641
12848
15885
26157
13297
16707
11310
22014
25606
12543
12777
18427
22292
16311
