23506
28119
10060
14451
16089
28290
20177
28857
27871
23583
13496
15161
15645
13913
29447
28014
22860
27444
22104
17572
12086
25490
15921
14427
15865
11088
17094
18019
26723
16617
22779
15331
19677
21970
10561
13328
14244
24426
15996
11645
20874
13160
11530
16583
29347
25263
12519
12650
20041
12385
18413
20222
12406
24009
13436
11470
28127
26685
17599
13340
15979
17175
12487
26327
18899
13074
17191
27980
11779
16688
18365
28506
28846
29757
13387
17952
22410
18093
21910
13253
28064
21290
11122
21506
26717
16767
13388
21496
26386
10441
16045
26888
16108
24940
24786
25649
28977
21679
20518
11033
23676
15261
20162
21925
28568
26648
19986
16690
28632
24025
15438
19063
11976
15218
25574
26684
28146
17811
22518
17701
17232
20155
15373
21190
29139
18933
27477
29348
17157
15538
25158
16852
19322
19843
27431
26128
15515
23999
20457
26596
17385
10175
22187
22826
28228
15869
24100
14887
16958
12682
13079
19375
18732
28225
22272
16457
16773
28295
18010
13030
10577
29008
22132
25470
23965
15998
22602
29488
12794
24697
18698
21783
15698
13089
23402
26247
28274
25496
24953
18690
25189
10509
24062
22528
25663
28099
21111
22217
17057
22166
25021
10010
15008
17908
14891
18874
14786
14092
28958
20796
12831
11776
16289
13066
12236
14489
29724
17704
23110
12903
25267
22234
28822
22963
27458
10926
26767
10459
10614
20009
29855
14145
11021
27507
26002
19645
27785
25304
11927
11177
26271
29758
28100
23618
23801
14749
22549
25089
10279
29272
22581
10898
18248
21344
21365
22129
16528
16572
14406
25100
25651
22685
28318
13517
20846
17545
11966
27049
17974
18861
27993
13551
13527
10575
19940
18686
29690
29849
20642
27125
18799
28923
25594
29890
11584
27173
21715
23955
23698
11974
25791
16451
11588
28381
21780
24185
14533
25524
16125
18403
22405
21578
16485
28855
29903
27925
16224
15944
29092
27151
15376
19276
23001
26351
16806
21524
12531
19261
18282
29307
21913
28991
19268
21351
10244
22539
13020
23517
23788
21035
17893
28106
29924
11756
20791
13731
25208
21175
13369
12856
23486
20634
14431
28739
25164
27084
16970
17981
24573
19561
11170
18103
18677
14173
16509
14039
27163
23596
23044
18439
13625
20685
29328
14921
21781
22047
22590
28540
10883
11935
26463
14297
26646
24007
27302
28145
24297
16909
21467
12112
20349
18316
22637
18804
17792
11681
29255
10759
23330
12781
22376
23471
10076
19157
14973
28076
28239
24942
21470
18030
16283
13977
16711
16924
12976
24021
12528
12059
18023
10715
26615
27518
19978
27907
29750
24723
12261
11929
19085
16010
10442
11426
23647
27869
26823
16350
15906
22546
21411
18238
13384
15428
10785
23460
20284
11051
17929
11890
16933
14556
18041
17237
21948
28605
10358
12080
10283
10026
14827
14642
11817
18106
20475
14082
17598
23687
22536
14366
11198
27207
12455
24691
27225
23826
29069
23916
25874
27425
25357
29962
18198
26742
23027
16551
10370
22027
10293
23182
25723
10809
20978
12338
15291
21216
22552
10137
12234
16343
23679
18562
27029
28079
29101
16679
15437
22452
16341
18311
12454
10671
13687
14328
28088
29746
22373
21622
20876
11811
16803
15670
28798
27882
15092
22473
19238
25187
27006
11037
28763
13751
28928
24053
11274
17686
25068
17973
10961
12596
13029
20715
19582
14605
17138
22599
11793
16346
17713
28031
24288
11466
13593
19706
27858
29926
28373
13806
22936
11802
18637
24135
24765
27476
10944
14544
18111
11171
12588
24298
16402
21650
14779
23362
25863
11449
19235
29274
18424
29465
22034
12145
23124
19474
19904
21682
25246
15954
18276
27527
14352
20090
11210
29446
16513
28458
26149
10839
22483
23896
16625
10793
29546
23861
20574
18655
27526
24733
15738
29856
17729
14615
25111
27551
17098
24360
25754
20700
16423
11760
23645
22333
15402
22890
17239
12306
10959
29843
28207
24250
22990
14527
29560
11944
28957
15601
12052
13697
24747
14916
21652
28526
21825
15752
10555
20365
27124
27803
11740
23855
25634
10673
14065
15973
12039
22077
21262
15597
14004
18910
26367
20790
11435
29053
29012
29703
23972
23146
15028
20610
25530
29549
11186
22984
11555
17807
28582
22834
14847
26374
14072
10665
16760
19338
15307
24468
10135
25013
29480
29179
18053
21471
14438
11192
22099
13622
24241
10204
23301
18078
17621
13833
15201
24754
26472
27063
19216
16191
10414
13205
10183
19749
27516
27514
21452
25033
25128
17976
12801
24000
24190
10522
25722
11437
10333
25536
10260
25885
12452
29584
14725
15355
19492
25197
22821
12037
27066
21907
16562
29933
18333
16938
16295
28035
12085
12472
23101
28746
26779
27750
28728
18143
27909
23705
22150
28377
10825
10205
14201
16530
18056
27439
29217
15371
11369
12289
23367
11778
29974
20080
24751
21808
19100
16239
19393
19611
25884
25828
25063
24503
25738
11755
18089
27995
11383
16340
10677
26500
20595
25776
24263
24319
14581
16510
19119
21308
17021
18260
18687
24978
19434
19413
24825
20733
12404
18942
26013
20875
29471
15863
26766
25909
17940
13112
27354
18888
21462
16898
10299
10860
16597
19487
21072
12287
10822
11218
28561
20603
18845
28557
27441
21776
18047
19466
10347
15982
15765
10243
28678
17935
15220
12925
27279
16834
27743
21732
25349
24043
15435
26421
11981
13556
21726
15692
25837
18711
12564
20554
14268
22134
15102
28564
28374
16268
21066
24546
11036
22270
29697
28861
19914
20355
29881
29696
13624
19137
26147
23806
11926
20400
10840
16885
20771
10999
22261
14587
28058
10519
18228
20959
29191
12571
27293
28060
18992
28120
12057
28233
13175
24505
15330
29394
27660
11774
10345
13273
17088
12291
18210
23164
10237
13437
15177
14007
18892
11576
18924
12865
18055
12931
20002
27619
15267
27774
25004
21115
27510
19734
21716
19224
17970
14172
22862
29434
20942
28810
21265
16331
13529
20391
29686
17705
22506
29624
25182
24210
16369
13492
14025
13280
15043
20826
21040
29995
21580
21388
22404
28012
25509
10289
28502
21665
12691
24027
10548
14755
21134
22757
13420
20953
12638
17833
12392
28947
28752
12515
26188
17326
11736
28628
28272
14643
14592
20317
29040
14629
29074
28408
13572
23394
19294
13744
25688
20443
16677
20190
18004
13717
24016
28128
10512
28738
16552
15471
10365
28601
17845
29360
13623
18669
19410
27555
20488
14646
23511
24803
16094
26313
21300
14575
16522
11691
