23816
25248
18223
10309
26087
10081
17433
14280
12799
15826
22829
22464
15762
23476
27715
23395
20896
10591
20353
28411
27017
25591
18282
21292
27555
29038
14471
15607
25061
18527
14081
14645
29480
28846
24589
18290
24038
23896
25464
29189
10601
22450
16045
27411
21309
11381
20670
13079
26585
18459
26448
20567
28504
11665
15100
16075
15176
14894
14664
15002
27719
25832
20179
10157
26998
29022
28752
29770
27864
26110
22005
16975
25776
15944
25450
17840
28146
24440
24839
21813
17904
11517
19453
29136
18810
21864
15846
17953
15562
22537
16330
17525
21977
17217
24498
15162
19788
27293
21660
17911
13443
15889
19575
14004
15862
27344
14971
18806
29759
18238
10261
17234
18523
22749
15546
13013
10803
23380
17306
21776
26805
22278
14461
28296
27256
25439
26578
16746
13902
22173
20056
10537
16688
27477
25798
17176
10272
25137
16161
27921
19715
28526
16615
26644
12536
17516
27029
27554
15058
11527
13441
11130
13566
21460
22733
17981
21837
19759
19514
22528
15112
15415
22682
17773
22430
27260
28584
18900
22089
18179
10328
17017
26848
11484
13658
16519
27586
26679
26276
18030
20488
14048
27423
16084
19551
22768
14203
12778
10686
11119
19457
15744
28880
25884
25722
24754
10158
16838
23953
19492
28099
17237
26673
27597
20598
28370
22348
29419
16859
16987
17772
10775
18143
11100
15574
27968
21153
28268
18536
28506
15224
12843
24630
24623
13484
13139
27750
20890
29221
20009
26132
12973
27907
28162
12182
13910
20072
19783
14049
26198
13311
23299
29918
16666
29970
18455
28236
28042
22661
22128
12238
17807
19322
28429
22714
13436
25784
29185
15291
20520
20029
11042
10365
11723
20365
15630
16786
22578
25170
29536
11245
26945
25188
20715
29622
15765
16165
10322
15437
13153
28593
20953
20992
25455
28992
18908
11741
19466
22010
20457
11554
25958
17946
26553
12106
15098
26367
18483
26932
22115
15617
27263
25732
29699
14936
26682
27278
16845
13905
16224
25347
21767
13994
13381
14000
15219
26646
20932
13764
12527
29139
18827
22257
25810
22416
29834
15637
26165
29210
29757
20878
22637
11144
18186
22842
13816
25189
24900
24572
20822
11471
13892
10050
14264
18130
16057
27830
11530
14276
29593
14512
15842
14984
20036
23094
26129
26183
22990
22910
21501
23999
12552
27130
19235
19097
14190
24139
22338
22645
16955
11420
15046
21780
21526
18129
26105
18422
23129
13150
19935
25950
18534
14068
20812
24313
18333
20477
23790
29714
12388
17866
20950
25606
26818
16092
22274
10347
25126
10631
10301
24883
15990
27404
26857
21132
24197
21976
25377
19717
26684
26577
26748
10244
17680
13244
24095
13474
29326
29212
21120
21781
27536
21950
23560
22081
27782
12010
20331
29391
22319
22936
12632
25068
25041
18761
21476
13638
17269
14503
17199
29085
12086
23277
15225
22003
26116
11383
12976
29694
12170
20828
23750
29976
26692
20310
22881
15397
16544
26817
29949
12385
22561
15305
16835
11500
23801
28589
12856
15463
21484
16611
19879
27596
24765
14588
21670
18835
11961
10331
29103
21490
27019
21355
26510
25548
17630
28737
17485
27444
16346
28654
15302
26353
12655
21961
18646
20676
26421
24538
19280
21012
27873
29447
10860
28611
10242
21175
29213
13257
29228
26884
25313
28137
13396
21532
27511
11778
12291
14491
12487
10750
14747
29798
20937
22094
11033
23620
28048
13728
15173
20463
16510
10561
20829
22754
15679
16483
21396
22139
14711
24196
27323
18439
27081
20177
18482
27874
26106
11737
24224
22294
15809
14159
13201
16874
20681
28717
13917
24171
25678
12646
10615
14452
20491
24717
26960
12214
27785
12548
20594
13205
10577
23204
28619
21685
20946
28101
13904
25934
19292
18490
25550
29670
16852
22624
10163
18367
10898
18859
24588
21947
18574
24214
17811
21902
27617
10208
28710
16678
28864
20854
26708
25174
13240
14095
17558
21066
22609
13263
23038
22142
10948
16714
20744
24622
19748
23574
12848
11067
10488
23280
10730
17936
28788
19843
29427
25586
11380
24325
15720
25706
29686
13517
25305
27849
11584
29651
12402
16518
17793
21580
27724
16234
26657
14419
22405
10091
25996
12649
18603
29843
15534
10354
24540
26916
16457
25003
28300
19385
25912
17098
12553
17542
23637
12706
13423
11317
16281
14891
19844
14921
28990
18933
18044
24817
15277
10428
27730
15356
27674
21906
28465
24661
23698
20330
12824
20730
13206
11260
25969
11267
17333
20659
10404
11645
10138
25927
25207
21330
22981
13731
18905
21113
28524
26554
29269
22659
11995
18340
11133
27100
15948
11198
29248
23974
22496
25791
10243
17191
13437
13419
17833
19527
29930
17547
10296
16423
13388
27519
12097
10815
21652
28949
22804
19862
28182
22685
21394
28765
22180
24692
17300
22506
22227
19677
24410
28198
25766
24978
24940
13793
13998
10522
14764
25654
26305
25383
17335
26159
16542
13047
11886
15678
11858
26583
19306
23599
23301
21412
14826
29832
16850
11957
28406
20162
29525
22907
11440
21240
21146
19798
13717
22325
17524
12325
25155
20559
27014
24005
18432
21211
14186
25405
14755
11402
29448
19410
26762
28783
16255
26980
27640
14314
21201
18565
11232
15629
27924
21957
16213
24241
21270
15695
23641
19681
14362
24015
19848
28318
14085
11609
27541
17934
25361
21718
25269
11914
19890
24699
14887
10334
29048
11774
19740
18881
20382
15709
17208
12414
14537
19931
17242
27514
24227
15568
23194
13253
20051
27396
27621
24415
12492
16331
28664
15538
13096
18158
16228
17552
22901
24875
26785
20394
19273
18114
18036
11924
19145
22410
11021
11410
11038
13049
28060
23916
13746
10830
28217
10822
14670
18308
15360
16408
24351
28979
10188
27397
21224
19855
17057
21507
23831
25752
12340
15573
26188
21720
20253
15286
12184
22328
10834
24468
28290
12660
29144
28540
27387
25628
19605
19118
15065
14173
17251
21052
26636
29967
17821
14593
23776
14581
13616
19438
10959
24549
15927
10358
18629
28662
13478
27253
22648
13464
10026
10672
15808
23243
17303
26356
24740
28127
21025
24159
12622
27304
26285
17729
13985
10014
28798
11689
10729
23331
11336
21159
14927
12499
20303
17748
29469
20894
28313
23183
16444
22324
11030
17952
29009
14533
15402
26343
17986
17049
18893
10113
25589
23489
13761
29939
25754
24198
28502
22837
28188
24063
18255
28568
12305
25301
18736
16672
18942
27977
26455
13377
21699
24135
19261
28787
24945
