24000
4377
1322
15112
17923
18351
2931
3814
22012
9229
3641
18282
24266
5150
17025
12072
9334
23698
12358
22434
5881
11192
18637
19433
3099
9839
2583
15013
14591
18832
1461
14613
6825
27514
252
12397
25127
22908
29933
8472
14213
5210
20942
18804
9936
22685
15403
9139
24612
6010
16975
28088
10350
19051
17066
8351
3871
10293
2596
12799
24227
23974
10205
14539
27774
19244
29038
21389
17011
18143
21655
22200
21605
29893
10943
20329
19178
2264
29770
22367
2672
821
12109
12091
17052
6101
23486
15637
3680
22063
25717
25913
12792
11088
15219
20162
19472
13388
6878
8986
28072
5779
22132
25363
20002
1012
18244
22281
26221
4863
10456
24269
24786
9483
5076
841
23183
13508
15263
17131
9348
7368
23476
24604
14698
11727
21563
13078
5684
8984
25595
21364
19338
10948
6612
28251
25223
29189
2466
27907
13393
13659
13322
5021
16969
16445
13852
21109
15973
24016
26554
25578
17330
26424
29834
12278
10425
7958
18855
9685
11033
10158
22656
20767
7848
1839
24523
11527
1378
9494
20722
26255
26405
7685
29546
18523
28212
5935
1376
15927
26271
24135
21887
1548
15281
741
18835
21309
8335
17996
24637
3457
29854
29248
23094
3496
14872
5634
10010
15889
19698
5523
15225
12931
16192
21688
21489
6564
12765
4724
5964
24461
26952
24963
16552
10551
11539
18190
22506
23152
27034
2099
15607
4857
4713
24375
27924
3405
28146
20190
3155
26504
21388
23214
25550
7878
25197
12206
23373
3193
421
26008
13311
22114
12909
7818
26801
18951
4264
11653
24913
12023
5471
16544
14008
20252
18130
17652
12390
8053
1731
2526
14082
21480
23398
18129
1093
27425
17326
14038
28745
12519
504
13816
19420
1541
13527
24911
29132
19773
17558
9531
5442
21390
22936
17769
6598
27329
5498
25267
14912
13087
23397
29584
21052
2088
14349
17027
10265
29895
18236
7584
13464
9780
9950
1793
10244
5038
10239
29896
21930
28894
7979
18417
10304
10135
14527
1604
16615
10380
70
16075
11087
14533
13101
9237
19299
28225
17599
10637
25586
16579
2587
13740
12856
19375
15161
3866
13781
7718
16502
23682
14727
26099
27163
17403
8240
7915
5938
6545
26210
9127
14016
17168
3435
26785
28509
29945
29982
8217
8361
2806
14629
658
15537
20715
23362
19993
7908
19011
10266
14310
24737
6853
24568
15838
11989
1851
2510
1595
15709
19545
28206
16423
7189
28001
2476
1786
26700
25294
4585
19453
15813
3948
26463
6311
20052
8470
4525
17863
16217
25798
10428
12366
20878
29301
2030
18756
27225
20894
20330
5456
11817
7282
2396
9996
19260
15181
18992
14643
5763
10188
15028
19245
8038
13306
29686
24015
15678
17883
8418
10260
3982
3058
21898
29193
10771
17904
3262
7612
25828
8801
5526
24922
14745
3596
11934
1178
13345
20796
1404
27993
18795
7501
17195
4320
2843
16189
10649
23758
16413
22852
2719
17576
1980
23331
22637
3502
11767
29991
26343
18243
14484
6201
9989
583
21425
15568
7861
27541
26946
1650
22410
28048
21527
492
28512
432
6407
7005
10963
7882
23307
15435
18520
1778
1070
21132
7102
27977
2932
29069
22221
22075
23465
7639
5055
19201
1841
22117
6248
13163
22142
2827
28006
25179
29676
11665
16459
28269
4019
28064
26021
7846
150
2210
10204
23517
8539
5339
8256
13063
29757
7499
25546
18821
16172
19798
14228
29349
